sector,price,Price_per_sqrt,Built_Up_area,lat,long
gwal pahari,3.192222222222222,9585.888888888889,3049.8333333333335,28.4484,77.021
manesar,0.9622580645161289,4607.8387096774195,2043.1741935483872,28.3515,76.9428
sector 1,1.86,8249.5,2330.6666666666665,28.3663,76.9456
sector 102,1.6974311926605505,10639.80733944954,1570.2660550458716,28.475,76.9715
sector 103,1.442,7424.333333333333,1812.1333333333334,28.4949,76.9845
sector 104,1.6014705882352942,8840.867647058823,1834.1029411764705,28.4788,76.996
sector 105,1.198,10169.3,1207.7255,28.4952,77.0114
sector 106,1.4389189189189189,8444.432432432432,1441.3243243243244,28.500699999999995,77.0003
sector 107,0.772,6697.583333333333,1101.4666666666667,28.5052,76.9729
sector 108,1.9967241379310345,10029.913793103447,1861.0325862068964,28.5134,76.983
sector 109,3.893734939759036,12496.180722891566,2868.303373493976,28.5073,77.0089
sector 10a,1.94375,11268.75,1815.5,28.4469,77.0106
sector 11,1.44625,9226.625,1610.3125,28.4531,77.0202
sector 110,2.5695833333333336,8921.916666666666,2397.0833333333335,28.5145,77.0197
sector 111,2.9,11692.227272727272,2323.2272727272725,28.523799999999998,77.032
sector 112,4.56,12331.583333333334,3294.01625,28.5189,77.0183
sector 113,2.465813953488372,12515.720930232557,2060.6744186046512,28.528700000000004,77.0233
sector 12,1.6215151515151514,9807.818181818182,1888.1515151515152,28.4723,77.032
sector 13,2.59,8632.75,2858.74375,28.4757,77.0392
sector 14,4.416875,17053.125,2643.071875,28.4711,77.0454
sector 15,2.716666666666667,11916.166666666666,1860.0083333333332,28.462100000000003,77.0464
sector 17,2.122,13085.6,1622.806,28.4791,77.0608
sector 17a,1.52,19869.0,945.0,28.4785,77.06
sector 17b,7.55,16728.0,3926.6666666666665,28.4806,77.0663
sector 2,2.4447540983606557,11355.934426229509,1815.7703278688525,28.5095,77.03200000000001
sector 21,1.0250000000000001,7641.333333333333,1414.0,28.5134,77.0723
sector 22,3.3621052631578947,16055.157894736842,2025.842105263158,28.5072,77.064
sector 23,3.5216666666666665,14058.083333333334,2458.6741666666667,28.5121,77.0478
sector 24,4.2973684210526315,17386.36842105263,2379.0347368421053,28.4939,77.1038
sector 25,8.663142857142857,30691.428571428572,3368.572857142857,28.4844,77.086
sector 26,12.877142857142857,32654.114285714284,4194.350285714286,28.4757,77.1032
sector 27,6.125,28889.5,2196.01,28.4658,77.0917
sector 28,4.2329729729729735,18391.027027027027,2059.055135135135,28.4728,77.0865
sector 3,0.9712500000000001,8133.25,1292.9166666666667,28.4909,77.0176
sector 30,1.568,11255.0,1342.6,28.4604,77.0579
sector 31,3.537777777777778,21979.555555555555,1605.8933333333334,28.4528,77.0498
sector 33,2.2478125,11501.078125,1828.074375,28.442,77.0207
sector 36,0.6736363636363637,7600.090909090909,903.3636363636364,28.416,76.9914
sector 37,0.67,5583.0,1079.0,28.4375,76.9999
sector 37c,0.969811320754717,6014.830188679245,1495.0962264150944,28.4515,76.9882
sector 37d,1.2637313432835822,8184.313432835821,1527.3731343283582,28.4478,76.9703
sector 38,3.8714285714285714,21220.571428571428,1859.4557142857143,28.4347,77.043
sector 39,3.621818181818182,13860.636363636364,2590.5454545454545,28.4434,77.0515
sector 4,1.1695555555555557,9137.2,1252.447777777778,28.473800000000004,77.0107
sector 40,2.6875,29586.5,1116.75,28.4498,77.0567
sector 41,6.140909090909091,24010.636363636364,3008.184420541291,28.4557,77.0632
sector 43,5.3934482758620685,20958.362068965518,2289.138103448276,28.4629,77.0772
sector 45,8.49875,25525.0,2902.375,28.4466,77.066
sector 46,3.9,17770.5,1662.75,28.4374,77.0586
sector 47,2.95,14606.0625,2102.376875,28.4276,77.0492
sector 48,6.047962962962964,18155.944444444445,3170.5914814814814,28.4177,77.03589999999998
sector 49,2.9947727272727276,13695.681818181818,2103.810454545455,28.4121,77.048
sector 5,2.1283333333333334,10772.0,1753.0,28.4794,77.0176
sector 50,6.6274999999999995,21689.803571428572,3145.713928571429,28.4178,77.0628
sector 51,1.56,7031.857142857143,1772.857142857143,28.432,77.06859999999999
sector 52,2.75,10648.692307692309,2497.3846153846152,28.4379,77.0785
sector 53,5.782857142857142,20506.14285714286,2687.0714285714284,28.4433,77.0948
sector 54,5.348148148148148,20135.296296296296,2302.618940387836,28.4348,77.1089
sector 55,2.7644444444444445,16987.666666666668,1746.5500000000002,28.4281,77.11
sector 56,1.9682692307692307,10694.51923076923,1870.499423076923,28.4245,77.0991
sector 57,4.529444444444445,18023.944444444445,2633.556666666667,28.4232,77.0752
sector 58,3.2971428571428567,17147.85714285714,1869.142857142857,28.419999999999998,77.1105
sector 59,4.875,17475.625,2833.375,28.4051,77.1097
sector 6,0.6927272727272727,8098.909090909091,1371.090909090909,28.4745,77.0262
sector 60,3.9873333333333334,15328.266666666666,2385.733333333333,28.4003,77.0975
sector 61,2.0882926829268293,14622.121951219513,1503.9591434075285,28.405,77.0963
sector 62,5.45,17199.058823529413,2826.3529411764707,28.4139,77.0886
sector 63,4.663571428571429,16931.285714285714,2806.214285714286,28.3971,77.0867
sector 63a,2.75,16441.066666666666,1634.2,28.3923,77.0888
sector 65,3.1947674418604652,16017.988372093023,1929.1648620772237,28.403,77.069
sector 66,5.640487804878049,19693.09756097561,2646.590731707317,28.3925,77.0541
sector 67,3.122340425531915,13337.234042553191,2139.595744680851,28.385899999999996,77.0608
sector 67a,1.4222727272727271,10097.636363636364,1394.3636363636363,28.396,77.0372
sector 68,1.2476666666666667,8914.466666666667,1344.1333333333334,28.385299999999997,77.0484
sector 69,1.5683870967741933,9224.720430107527,1578.3225806451612,28.3966,77.0341
sector 7,1.7579411764705883,11360.176470588236,1558.149705882353,28.4644,77.0143
sector 70,1.6304081632653062,8740.387755102041,1764.5510204081634,28.3968,77.0233
sector 71,0.9485185185185185,7717.111111111111,1220.7777777777778,28.4104,77.0281
sector 72,4.163448275862069,12788.448275862069,3086.5862068965516,28.4225,77.02110000000002
sector 73,6.3,16116.333333333334,4028.3333333333335,28.4072,77.0118
sector 74,1.7722222222222224,11790.277777777777,1480.388888888889,28.4158,77.0118
sector 76,1.682,9250.466666666667,1799.1333333333334,28.3935,76.9888
sector 77,1.3135714285714286,7722.5,1561.75,28.3801,76.9845
sector 78,1.1605882352941177,6376.941176470588,1679.1764705882354,28.3733,76.9729
sector 79,1.3835064935064936,8503.12987012987,1546.4675324675325,28.362400000000004,76.9787
sector 8,0.7457142857142857,8570.0,644.0,28.3738,76.897
sector 80,1.27,7498.2,1632.4,28.3659,76.9557
sector 81,1.9417977528089887,9321.247191011236,1871.258426966292,28.386700000000005,76.9485
sector 82,2.0992682926829267,9241.756097560976,1954.560975609756,28.3935,76.96
sector 82a,2.304736842105263,10120.631578947368,2310.7368421052633,28.3858,76.9686
sector 83,1.2632352941176472,7637.014705882353,1546.5588235294117,28.3986,76.9647
sector 84,0.9778,6395.08,1435.46,28.3979,76.9736
sector 85,1.5039449541284404,7935.192660550459,1854.0183486238532,28.4042,76.95130000000002
sector 86,1.1903174603174602,7605.793650793651,1499.4761904761904,28.3986,76.9384
sector 88a,1.3066666666666666,8672.142857142857,1472.112998205791,28.4347,76.9557
sector 88b,0.9800000000000001,7441.0,1333.3333333333333,28.444599999999998,76.9542
sector 89,1.1008474576271188,8561.64406779661,1341.7627118644068,28.4253,76.9439
sector 9,1.4641666666666666,10369.166666666666,1366.0833333333333,28.4603,77.0
sector 90,1.1805494505494505,6394.428571428572,1720.1538461538462,28.4085,76.9369
sector 91,1.648235294117647,7586.294117647059,2043.5882352941176,28.4014,76.9225
sector 92,0.9296039603960397,5917.970297029703,1582.1106930693068,28.4079,76.9153
sector 93,0.849,8633.2,977.2,28.415299999999995,76.9326
sector 95,0.4724615384615385,5666.323076923077,981.723076923077,28.4172,76.9081
sector 99,1.4446153846153846,6793.2307692307695,1759.7692307692307,28.464,76.9614
sector 99a,0.8160000000000001,6257.133333333333,1190.7333333333333,28.4561,76.9542
